((("binary_tree_rotate_right" .
   [1 0 0 0 0 0 0 0 0 0 0 0 0 0 0 0 0 0 0 0 0 0 0 0])
  ("binary_tree_rotate_left" .
   [1 0 0 0 0 0 0 0 0 0 0 0 0 0 0 0 0 0 0 0 0 0 0])
  ("heap_t" .
   [1 0 0 1 0 0])
  ("heap_rec" .
   [1 0 0 0 0 0 0 0])
  ("blc" .
   [5 0 0])
  ("binary_tree_balance" .
   [0 0 0 1 1 0 0 0 0 0 0 0 0 0 0 0 0 0 0])
  ("binary_tree_is_bst" .
   [0 0 0 1 2 0 0 0 0 0 0 0 0 0 0 0 0 0])
  ("bst" .
   [4 0 0])
  ("balance" .
   [2 0 3 0 2 0 0])
  ("binary_tree_delete" .
   [0 0 0 0 1 0 0 0 0 0 0 0 0 0 0 0 0 0])
  ("func" .
   [1 0 0 0])
  ("diff" .
   [7 0 0 0])
  ("depth" .
   [3 0 0 0 0])
  ("binary_trees_ancestor" .
   [0 0 0 0 1 0 0 0 0 0 0 0 0 0 0 0 0 0 0 0 0])
  ("second" .
   [8 0 3 4 0 0])
  ("parent" .
   [8 0 2 1 0 0])
  ("first" .
   [6 0 1 9 1])
  ("binary_tree_t" .
   [1 0 0 1 5 0 0 0 0 0 0 0 0])
  ("flex-direction" .
   [0 0 0 0 0 0 1 0 0 0 0 0 0 0])
  ("information" .
   [1 0 0 0 0 0 0 0 0 0 0])
  ("description" .
   [0 0 0 1 0 0 0 0 0 0 0])
  ("relative" .
   [0 0 0 1 0 0 0 0])
  ("position" .
   [0 0 0 0 1 0 0 0])
  ("space-around" .
   [1 0 0 0 0 0 0 0 0 0 0 0])
  ("border-bottom" .
   [0 0 0 0 0 0 0 0 0 0 1 0 0])
  ("DDDDDD" .
   [1 1 0 0 0 0])
  ("lime" .
   [1 0 0 0])
  ("margin-right" .
   [0 0 0 0 0 0 0 0 0 1 0 0])
  ("space" .
   [0 0 1 0 0])
  ("font-size" .
   [0 0 0 1 0 0 1 1 0])
  ("min-width" .
   [0 0 0 0 0 1 0 0 0])
  ("FF5A4F" .
   [0 0 1 0 0 0])
  ("FF5A5F" .
   [0 0 0 1 0 0])
  ("article" .
   [8 0 0 0 0 0 0])
  ("places" .
   [6 0 0 0 0 0])
  ("class" .
   [8 0 0 0 0])
  ("island_perimeter" .
   [0 0 0 0 0 0 0 0 1 0 0 0 0 0 0 0])
  ("island" .
   [0 0 0 1 0 0])
  ("test_save_method" .
   [0 0 0 0 0 0 0 0 0 1 0 0 0 0 0 0])
  ("ping" .
   [2 0 0 0])
  ("msg" .
   [7 0 0])
  ("assertIn" .
   [1 0 0 0 0 0 0 0])
  ("review" .
   [1 0 0 0 0 0])
  ("amenity" .
   [1 0 0 0 0 0 0])
  ("Place" .
   [1 0 0 0 0])
  ("city" .
   [1 0 0 0])
  ("state" .
   [1 0 0 0 0])
  ("base" .
   [1 0 0 0])
  ("classes" .
   [3 0 0 0 0 0 0])
  ("strip" .
   [6 0 0 0 0])
  ("patch" .
   [1 0 0 0 0])
  ("assertEqual" .
   [0 0 0 0 0 0 0 0 4 0 0])
  ("getvalue" .
   [0 0 1 2 0 2 0 0])
  ("fakeOutput" .
   [0 0 2 2 1 0 0 0 0 0])
  ("save" .
   [3 0 0 0])
  ("reload" .
   [0 0 0 1 0 0])
  ("create" .
   [1 0 0 0 0 0])
  ("onecmd" .
   [1 0 0 0 0 0])
  ("cli" .
   [2 0 0])
  ("assertTrue" .
   [1 0 0 0 0 0 0 1 3 0])
  ("HBNBCommand" .
   [1 0 0 0 0 0 0 0 0 0 0])
  ("console" .
   [1 0 0 0 0 0 0])
  ("assertFalse" .
   [0 0 0 0 0 0 0 0 1 1 0])
  ("assert" .
   [0 0 0 2 1 0])
  ("fcn" .
   [1 0 0])
  ("do_show" .
   [1 0 0 0 0 0 0])
  ("User" .
   [3 0 0 0])
  ("BaseModel" .
   [0 0 0 3 1 0 0 0 0])
  ("do_all" .
   [1 0 0 0 0 0])
  ("split" .
   [4 0 0 0 0])
  ("created_at" .
   [0 0 0 0 0 0 0 1 0 0])
  ("__name__" .
   [0 0 0 0 0 0 1 0])
  ("utcnow" .
   [0 0 0 1 0 0])
  ("datetime" .
   [0 0 0 0 2 1 0 0])
  ("long" .
   [0 0 0 1])
  ("true" .
   [1 0 0 0])
  ("SIGINT" .
   [3 0 0 0 0 0])
  ("pass" .
   [1 0 0 0])
  ("info" .
   [2 0 0 0])
  ("user" .
   [4 0 0 0])
  ("init" .
   [1 0 0 0])
  ("provide" .
   [1 0 0 0 0 0 0])
  ("sort" .
   [2 0 0 0])
  ("TEXT" .
   [1 0 0 0])
  ("child" .
   [8 0 0 0 0])
  ("root" .
   [30 0 0 0])
  ("sift_down" .
   [2 0 0 0 0 0 0 0 0])
  ("start" .
   [6 0 0 0 0])
  ("heapify" .
   [1 0 0 0 0 0 0])
  ("rand_array" .
   [0 0 0 1 0 0 0 0 0 0])
  ("res" .
   [15 0 0])
  ("copy_1" .
   [1 0 0 0 1 0])
  ("each" .
   [1 0 0 0])
  ("to" .
   [1 0])
  ("Find" .
   [1 0 0 0])
  ("print_array" .
   [1 0 0 0 0 1 1 1 1 0 2])
  ("Square" .
   [1 0 0 0 0 0])
  ("kwargs" .
   [6 0 3 1 1 0])
  ("__height" .
   [2 0 0 0 0 0 0 0])
  ("__width" .
   [1 0 0 0 0 0 0])
  ("Base" .
   [7 0 0 0])
  ("Rectangle" .
   [0 0 0 1 0 0 0 0 0])
  ("except" .
   [0 0 0 0 2 0])
  ("Test" .
   [1 0 0 0])
  ("Basic" .
   [1 0 0 0 0])
  ("Simple" .
   [3 0 0 0 0 0])
  ("__init__" .
   [0 0 0 0 1 4 0 0])
  ("dict_data" .
   [0 0 0 1 0 0 0 0 0])
  ("target_url" .
   [0 0 0 0 0 1 0 0 0 0])
  ("posix" .
   [0 0 0 1 0])
  ("requests" .
   [0 0 0 1 1 0 0 0])
  ("user_id" .
   [0 0 0 1 0 0 0])
  ("first_name" .
   [0 0 0 2 0 0 0 0 0 0])
  ("LockedClass" .
   [0 0 0 0 0 0 0 2 0 0 0])
  ("Locked" .
   [0 0 0 0 2 0])
  ("ImportError" .
   [0 0 1 0 0 0 0 0 0 0 0])
  ("col" .
   [1 0 0])
  ("row" .
   [1 0 0])
  ("m_b" .
   [9 0 0])
  ("m_a" .
   [9 0 0])
  ("max_integer" .
   [2 0 0 0 0 0 0 0 0 0 0])
  ("__size" .
   [1 0 0 0 0 0])
  ("my_square" .
   [0 0 1 0 0 0 0 0 0])
  ("queue" .
   [0 0 0 1 0])
  ("order" .
   [2 0 0 0 0])
  ("pstr" .
   [1 0 0 0])
  ("delete_dnodeint_at_index" .
   [0 0 0 1 0 0 0 0 0 0 1 0 0 0 0 0 0 0 0 0 0 0 0 0])
  ("Delete" .
   [0 0 0 0 2 0])
  ("d" .
   [2])
  ("pop" .
   [2 0 0])
  ("global" .
   [2 0 0 0 0 0])
  ("caller" .
   [2 0 0 0 0 0])
  ("fputs" .
   [1 0 0 0 0])
  ("fgets" .
   [1 0 0 0 0])
  ("f" .
   [2])
  ("fil" .
   [2 0 0])
  ("ValueError" .
   [0 0 0 3 0 0 0 0 0 0])
  ("a_dictionary" .
   [0 0 0 0 0 1 0 0 0 0 0 0])
  ("None" .
   [0 0 8 0])
  ("tp_name" .
   [1 0 0 0 0 0 0])
  ("allocated" .
   [1 0 0 0 0 0 0 0 0])
  ("PyListObject" .
   [0 0 0 1 0 0 0 0 0 0 0 0])
  ("type" .
   [7 0 0 0])
  ("ob_type" .
   [2 0 0 1 0 0 0])
  ("Py_ssize_t" .
   [0 0 0 0 1 0 0 0 0 0])
  ("print_python_list_info" .
   [0 0 0 0 1 0 0 0 0 0 0 0 0 0 0 0 0 0 0 0 0 0])
  ("hi" .
   [1 0])
  ("/bin/" .
   [1 0 0 0 0])
  ("puts" .
   [1 0 0 0])
  ("rand" .
   [1 0 0 0])
  ("table" .
   [1 0 0 0 0])
  ("idx" .
   [1 0 0])
  ("tango-dark" .
   [0 0 0 0 0 1 0 0 0 0])
  ("add" .
   [3 0 0])
  ("sub" .
   [3 0 0])
  ("mul" .
   [3 0 0])
  ("div" .
   [17 0 0])
  ("python3" .
   [0 0 0 0 0 0 2])
  ("end" .
   [9 0 0])
  ("__pycache__/*.pyc" .
   [0 0 0 1 0 0 0 0 0 0 0 0 0 0 0 0 0])
  ("./7_PATH" .
   [0 0 2 0 1 0 0 0])
  ("DIR" .
   [2 0 0])
  ("pt2" .
   [10 0 0])
  ("pt1" .
   [5 0 0])
  ("strings.h" .
   [1 0 0 1 0 0 0 0 0])
  ("perror" .
   [1 0 0 0 0 0])
  ("ILLNUM" .
   [2 0 0 0 0 0])
  ("errno" .
   [2 0 0 0 0])
  ("printerr" .
   [5 0 0 0 0 0 0 0])
  ("_atoi" .
   [1 0 0 0 0])
  ("cwd1" .
   [1 0 0 0])
  ("void" .
   [0 0 1 2])
  ("OLDPWD" .
   [2 0 0 0 0 0])
  ("old" .
   [3 0 0])
  ("arg" .
   [4 0 0])
  ("_setenv" .
   [0 0 0 0 1 0 0])
  ("add_nodeint_end" .
   [0 0 0 0 0 0 0 0 0 0 0 0 0 0 1])
  ("unsetenv" .
   [0 0 0 0 1 0 0 0])
  ("delete_nodeint_at_index" .
   [0 0 0 0 1 0 0 0 0 0 0 0 0 0 0 0 0 0 0 0 0 0 0])
  ("EOF" .
   [1 0 0])
  ("signal" .
   [1 0 0 1 0 0])
  ("ignore_signal" .
   [0 0 1 0 0 1 0 0 0 0 0 0 0])
  ("~/sf-0119_shell_test_suite/simple_shell" .
   [0 0 1 0 0 0 0 0 0 0 0 0 0 0 0 0 0 0 0 0 0 0 0 0 0 0 0 0 0 0 0 0 0 0 0 0 0 0 0])
  ("str1" .
   [3 0 0 0])
  ("_getenv" .
   [0 0 0 0 1 0 0])
  ("token2" .
   [4 0 0 0 0 0])
  ("token1" .
   [3 0 0 0 1 1])
  ("sp" .
   [1 0])
  ("letter" .
   [3 0 0 0 1 0])
  ("delim" .
   [3 0 0 0 0])
  ("tim" .
   [3 0 0])
  ("strtok" .
   [1 0 0 0 1 0])
  ("_strtok" .
   [0 0 0 0 1 0 0])
  ("isword" .
   [1 0 1 0 1 0])
  ("pure" .
   [15 0 0 0])
  ("d_space" .
   [1 0 0 2 3 0 0])
  ("stdin" .
   [1 0 0 0 0])
  ("execve" .
   [1 0 0 0 0 0])
  ("sys/wait.h" .
   [1 0 0 0 0 1 0 0 0 0])
  ("sys/types.h" .
   [1 0 0 0 0 0 1 0 0 0 0])
  ("argv1" .
   [2 0 0 0 0])
  ("pid" .
   [7 0 0])
  ("envp1" .
   [1 0 0 0 0])
  ("environ" .
   [9 0 3 4 2 1 0])
  ("env" .
   [2 0 0])
  ("./exec" .
   [1 0 1 0 0 0])
  ("gcc" .
   [2 0 0])
  ("ssize_t" .
   [1 0 0 1 1 1 0])
  ("BUFSIZ" .
   [3 0 0 0 0 0])
  ("close" .
   [4 0 1 0 0])
  ("O_TRUNC" .
   [0 0 0 1 0 0 0])
  ("O_WRONLY" .
   [0 0 0 1 0 0 0 0])
  ("O_RDONLY" .
   [0 0 0 0 1 0 0 0])
  ("open" .
   [2 0 0 0])
  ("BUFFER" .
   [1 0 3 0 0 0])
  ("read" .
   [2 0 0 0])
  ("SSIZE_MAX" .
   [0 0 0 0 1 0 0 0 0])
  ("text_content" .
   [0 0 4 0 0 0 0 0 0 0 0 0])
  ("fcntl.h" .
   [1 0 0 1 0 0 0])
  ("uint" .
   [4 0 0 0])
  ("forward" .
   [1 0 1 0 0 3 0])
  ("current" .
   [32 0 5 8 11 3 2])
  ("current_addr" .
   [0 0 0 7 0 0 0 0 0 0 1 0])
  ("n" .
   [18])
  ("prev_addr" .
   [1 0 0 0 0 0 0 0 0])
  ("h" .
   [36])
  ("next_addr" .
   [0 0 0 0 0 1 0 0 0])
  ("lists.h" .
   [1 0 0 0 0 0 0])
  ("constructor" .
   [0 0 1 0 1 0 0 0 0 0 0])
  ("__attribute__" .
   [0 0 0 0 0 1 0 0 0 0 0 0 0])
  ("head" .
   [104 0 3 0])
  ("next" .
   [30 0 38 9])
  ("member" .
   [0 0 4 2 0 0])
  ("list_t" .
   [3 0 0 0 0 0])
  ("print_rot13" .
   [1 0 0 0 0 0 0 0 0 0 0])
  ("_printf" .
   [3 0 0 0 0 0 0])
  ("INTPTR_MAX" .
   [0 0 0 1 0 0 0 0 0 0])
  ("print_S" .
   [1 0 0 0 0 0 0])
  ("limits.h" .
   [2 0 0 1 1 0 0 0])
  ("_putchar" .
   [0 0 0 0 4 0 0 0])
  ("buf" .
   [17 0 0])
  ("c" .
   [12])
  ("ap" .
   [7 0])
  ("convert" .
   [2 0 0 0 1 1 0])
  ("sep" .
   [9 0 0])
  ("iterator" .
   [1 0 0 3 1 0 2 0])
  ("copy" .
   [23 0 1 1])
  ("va_list" .
   [1 0 0 0 1 1 0])
  ("list" .
   [31 0 1 2])
  ("checker" .
   [3 0 1 3 0 0 0])
  ("op_add" .
   [0 0 0 0 1 0])
  ("ops" .
   [3 0 0])
  ("exit" .
   [14 0 0 0])
  ("num2" .
   [4 0 0 0])
  ("atoi" .
   [3 0 1 0])
  ("CALC_H" .
   [0 0 0 1 0 0])
  ("action" .
   [1 0 1 0 0 0])
  ("main" .
   [9 0 0 0])
  ("c_owner" .
   [1 0 0 0 0 0 0])
  ("c_name" .
   [0 0 1 1 0 0])
  ("dog_t" .
   [4 0 0 1 0])
  ("struct" .
   [0 0 0 0 0 1])
  ("typedef" .
   [0 0 0 0 1 0 0])
  ("owner" .
   [10 0 0 2 0])
  ("age" .
   [8 0 1])
  ("name" .
   [37 0 1 0])
  ("DOG_STRUCT" .
   [0 0 1 2 0 0 0 0 0 0])
  ("ABS_H" .
   [0 0 0 0 1])
  ("SIZE" .
   [1 0 1 0])
  ("pragma" .
   [0 0 0 2 0 0])
  ("endif" .
   [0 0 0 2 3])
  ("define" .
   [0 0 3 1 3 0])
  ("argv" .
   [53 0 0 1])
  ("argc" .
   [10 0 0 0])
  ("isError" .
   [0 0 0 1 0 0 0])
  ("max" .
   [24 0 0])
  ("min" .
   [13 0 0])
  ("addr" .
   [1 0 0 0])
  ("nmemb" .
   [4 0 0 0 1])
  ("array" .
   [52 0 0 2 1])
  ("token" .
   [13 0 0 1 0])
  ("continue" .
   [0 0 0 9 4 3 0 0])
  ("stdio.h" .
   [12 0 0 1 7 4 0])
  ("height" .
   [6 0 4 8 0 0])
  ("width" .
   [10 0 4 7 0])
  ("grid" .
   [11 0 0 0])
  ("s2" .
   [3 0])
  ("len2" .
   [29 0 0 3])
  ("len1" .
   [21 0 1 0])
  ("s1" .
   [4 0])
  ("s" .
   [31])
  ("_strlen" .
   [0 0 0 5 8 0 0])
  ("len" .
   [36 0 2])
  ("unsigned" .
   [0 0 2 0 4 5 0 0])
  ("count" .
   [13 0 5 6 0])
  ("return" .
   [0 0 31 30 38 6])
  ("NULL" .
   [114 0 1 0])
  ("while" .
   [0 0 2 1 2])
  ("sizeof" .
   [0 0 2 7 16 1])
  ("str" .
   [75 0 0])
  ("holberton.h" .
   [1 0 0 0 0 0 0 0 0 0 0])
  ("size" .
   [51 0 0 0])
  ("malloc" .
   [7 0 1 0 0 1])
  ("stdlib.h" .
   [17 0 1 10 5 0 1 0])
  ("include" .
   [0 1 6 54 4 2 1])
  ("printf" .
   [81 2 2 3 7 5])
  ("ifndef" .
   [0 0 0 3 2 0])
  ("HOLBERTON_H" .
   [1 0 0 0 0 0 0 0 0 0 0])
  ("sum" .
   [17 0 0])
  ("arr" .
   [80 0 0])
  ("temp" .
   [62 0 1 0])
  ("free" .
   [35 0 0 3])
  ("av" .
   [4 0])
  ("string" .
   [2 0 0 0 0 0])
  ("limit" .
   [6 0 0 0 0])
  ("old_size" .
   [0 0 0 2 0 1 0 0])
  ("new_size" .
   [0 0 1 6 0 0 0 0])
  ("ptr" .
   [10 0 0])
  ("result" .
   [3 0 0 13 3 1])
  ("calloc" .
   [0 0 0 1 0 0])
  ("carry" .
   [3 0 2 1 0])
  ("len3" .
   [2 0 0 0])
  ("flag" .
   [17 0 0 1])
  ("wildcmp" .
   [0 0 0 0 4 0 0])
  ("string.h" .
   [8 0 0 6 1 0 0 0])
  ("foo" .
   [1 0 0])
  ("a" .
   [41])
  ("our_dog" .
   [3 0 6 5 0 0 1])
  ("new_dog" .
   [0 0 0 1 1 0 0])
  ("free_dog" .
   [1 0 0 0 0 0 1 0])
  ("dasjklddas" .
   [0 0 0 0 0 0 0 0 0 1])
  ("cmp" .
   [1 0 0])
  ("num1" .
   [8 0 0 0])
  ("get_op_func" .
   [0 0 0 1 0 0 0 0 0 0 0])
  ("i" .
   [15])
  ("3-calc.h" .
   [1 0 0 0 0 0 0 0])
  ("udis86-1.7.2/" .
   [0 0 0 1 0 0 0 0 0 0 0 0 0])
  ("udis86-1.7.2/m4/" .
   [0 0 0 0 0 0 0 0 0 0 0 0 0 1 0 0])
  ("obj" .
   [10 0 0])
  ("separator" .
   [1 0 3 9 3 0 0 0 0])
  ("format" .
   [18 0 0 0 1 2])
  ("_strdup" .
   [0 0 0 0 0 1 1])
  ("default" .
   [0 0 0 0 3 0 0])
  ("va_arg" .
   [7 0 7 4 3 0])
  ("va_copy" .
   [0 0 0 0 0 0 1])
  ("unistd.h" .
   [3 0 0 1 0 1 1 0])
  ("break" .
   [0 0 1 3 0])
  ("print_octal" .
   [1 0 0 0 0 0 0 0 0 0 0])
  ("print_hex" .
   [1 0 0 0 0 0 0 0 0])
  ("print_HEX" .
   [2 0 0 0 0 0 0 0 0])
  ("print_address" .
   [1 0 0 0 0 0 0 0 0 0 0 0 0])
  ("INT_MIN" .
   [0 0 0 0 1 0 0])
  ("hex" .
   [1 0 0])
  ("print_rev" .
   [1 0 0 0 0 0 0 0 0])
  ("params" .
   [2 0 1 0 1 0])
  ("in" .
   [22 0])
  ("p" .
   [2])
  ("index" .
   [22 0 0 0 0])
  ("listint_t" .
   [1 0 0 2 13 2 0 0 0])
  ("prev" .
   [24 0 0 1])
  ("LISTS_H" .
   [0 0 0 1 0 0 0])
  ("nt" .
   [4 0])
  ("new_node" .
   [0 0 0 19 2 0 1 0])
  ("slow" .
   [12 0 1 0])
  ("fast" .
   [14 0 0 0])
  ("char" .
   [0 0 0 1])
  ("size_t" .
   [8 0 0 0 4 1])
  ("filename" .
   [5 0 0 0 3 0 0 0])
  ("letters" .
   [3 0 3 2 0 0 0])
  ("write" .
   [6 0 0 0 1])
  ("buffer" .
   [9 0 0 3 0 1])
  ("alias" .
   [0 0 0 2 0])
  ("envp" .
   [11 0 0 0])
  ("-o" .
   [1 0])
  ("e" .
   [1])
  ("rm" .
   [1 0])
  ("tokarr" .
   [3 0 0 0 0 0])
  ("file" .
   [5 0 0 0])
  ("print_env" .
   [0 0 1 0 0 0 0 0 0])
  ("F_FLUSH" .
   [0 0 1 0 0 0 0])
  ("_puts" .
   [2 0 0 0 0])
  ("termios" .
   [0 0 0 1 0 0 0])
  ("errno.h" .
   [1 0 0 0 1 0 0])
  ("sys_errlist" .
   [0 0 0 1 0 0 0 0 0 0 0])
  ("OUTPUTFILE" .
   [0 0 1 0 0 0 0 0 0 0])
  ("add_nodeint" .
   [0 0 1 1 0 0 0 0 0 0 0])
  ("arr_to_ll" .
   [0 0 0 1 0 0 1 0 0])
  ("print_listint" .
   [0 0 0 0 1 0 1 0 0 0 0 0 0])
  ("listint_len" .
   [0 0 0 0 0 1 0 0 0 0 0])
  ("ll_to_arr" .
   [0 0 2 0 0 0 0 0 0])
  ("free_listint2" .
   [0 0 0 1 0 0 0 0 0 0 0 0 0])
  ("arguments" .
   [11 0 0 0 9 2 1 0 0])
  ("arguments_t" .
   [0 0 0 0 0 0 0 0 0 0 2])
  ("args" .
   [75 0 0 2])
  ("builtins" .
   [0 0 0 0 1 0 0 0])
  ("status" .
   [0 0 0 2 0 0])
  ("number" .
   [9 0 0 1 0 0])
  ("_strcmp" .
   [1 0 0 0 0 0 0])
  ("cwd" .
   [1 0 0])
  ("oldwd" .
   [2 0 1 0 0])
  ("_environ" .
   [4 0 0 0 0 0 0 0])
  ("arrtol" .
   [2 0 0 0 0 0])
  ("ltoa" .
   [2 0 0 0])
  ("free_list" .
   [0 0 0 0 0 2 0 1 1])
  ("fflush" .
   [3 0 0 0 0 0])
  ("stdout" .
   [3 0 0 0 0 0])
  ("progress_bar" .
   [0 0 0 0 0 0 0 1 0 0 0 0])
  ("get" .
   [1 0 0])
  ("_strncmp" .
   [1 0 0 0 0 0 0 0])
  ("variable" .
   [1 0 0 0 0 0 0 0])
  ("ac" .
   [3 0])
  ("comments" .
   [1 0 0 0 0 0 0 0])
  ("home" .
   [2 0 0 0])
  ("exit_status" .
   [1 0 0 0 0 0 0 0 0 0 0])
  ("git" .
   [1 0 0])
  ("str2" .
   [1 0 0 0])
  ("hidden_4" .
   [0 0 0 1 0 0 0 0])
  ("py" .
   [1 0])
  ("require" .
   [0 0 0 0 1 0 0])
  ("_len" .
   [1 0 0 0])
  ("/tmp" .
   [1 0 0 0])
  ("apply" .
   [0 0 0 1 0])
  ("append" .
   [1 0 0 0 0 1])
  ("tuple" .
   [0 0 0 2 0])
  ("tuple_a" .
   [1 0 0 0 0 0 0])
  ("tuple_b" .
   [1 0 0 0 0 0 0])
  ("path" .
   [1 0 0 0])
  ("pylint" .
   [1 0 0 0 0 0])
  ("PyBytesObject" .
   [0 0 0 0 1 0 0 0 0 0 0 0 0])
  ("dict2" .
   [3 0 0 0 0])
  ("dict3" .
   [4 0 0 0 0])
  ("dict1" .
   [1 0 0 0 0])
  ("items" .
   [2 0 0 0 0])
  ("merge" .
   [1 0 0 0 0])
  ("dict_1" .
   [1 0 0 0 0 0])
  ("dict" .
   [0 0 0 1])
  ("dict_2" .
   [1 0 0 0 0 0])
  ("monty" .
   [2 0 0 0 0])
  ("args_t" .
   [4 0 0 0 1 3])
  ("counter" .
   [3 0 0 2 0 1 0])
  ("instruction_s" .
   [0 0 0 0 1 0 0 0 0 0 0 0 0])
  ("instruction_t" .
   [1 0 0 0 0 0 0 0 0 0 0 0 0])
  ("push" .
   [10 0 0 0])
  ("stack" .
   [26 0 0 0 0])
  ("stack_t" .
   [2 0 0 3 1 5 1])
  ("ins" .
   [3 0 0])
  ("opcode" .
   [1 0 0 0 0 0])
  ("new_stack" .
   [4 0 0 2 1 0 1 0 0])
  ("fprintf" .
   [3 0 0 0 0 0 0])
  ("stderr" .
   [4 0 0 0 0 0])
  ("EXIT_FAILURE" .
   [0 0 2 0 1 0 0 0 0 0 0 0])
  ("param" .
   [3 0 0 0 0])
  ("line_number" .
   [1 0 0 1 0 2 0 0 1 0 0])
  ("gl" .
   [21 0])
  ("add_dnodeint" .
   [0 0 0 0 0 1 0 0 0 0 0 0])
  ("pint" .
   [2 0 0 0])
  ("op" .
   [2 0])
  ("r" .
   [1])
  ("check_string" .
   [0 0 0 0 0 1 0 0 0 0 0 0])
  ("pall" .
   [1 0 0 0])
  ("swap" .
   [6 0 0 0])
  ("nop" .
   [2 0 0])
  ("line" .
   [4 0 0 1])
  ("divide" .
   [1 0 0 1 0 0])
  ("mod" .
   [2 0 0])
  ("pchar" .
   [2 0 0 0 0])
  ("add_dnodeint_end" .
   [1 0 0 0 0 0 0 0 0 0 0 0 0 0 0 0])
  ("SDL2/SDL.h" .
   [1 0 0 0 0 0 0 0 0 0])
  ("data" .
   [13 0 4 0])
  ("next_node" .
   [3 0 0 2 0 21 6 2 0])
  ("SinglyLinkedList" .
   [0 0 0 1 0 0 0 0 0 0 0 0 0 0 0 0])
  ("Node" .
   [7 0 0 1])
  ("value" .
   [30 0 0 3 1])
  ("__data" .
   [1 0 0 0 0 0])
  ("__str__" .
   [2 0 0 0 0 0 0])
  ("print_it" .
   [1 0 0 0 0 0 0 0])
  ("my_print" .
   [0 0 1 0 0 0 0 0])
  ("__head" .
   [12 0 3 0 0 0])
  ("an" .
   [6 0])
  ("num" .
   [4 0 0])
  ("isinstance" .
   [0 0 0 0 1 3 0 0 0 0])
  ("of" .
   [1 0])
  ("self" .
   [0 0 0 2])
  ("pi" .
   [1 0])
  ("__ne__" .
   [0 0 0 0 1 0])
  ("__eq__" .
   [0 0 0 1 0 0])
  ("cls" .
   [9 0 0])
  ("raise" .
   [0 0 0 2 0])
  ("Exception" .
   [0 0 1 1 0 0 0 0 0])
  ("TypeError" .
   [0 0 2 0 0 0 0 0 0])
  ("__slots__" .
   [1 0 0 0 0 0 0 0 0])
  ("setUp" .
   [1 0 0 0 0])
  ("reset" .
   [1 0 0 0 0])
  ("list_dictionaries" .
   [0 0 0 3 0 0 0 0 0 0 0 0 0 0 0 0 0])
  ("list_objs" .
   [0 0 0 1 0 0 0 0 0])
  ("turtle" .
   [0 0 0 2 0 0])
  ("isfile" .
   [1 0 0 0 0 0])
  ("remove" .
   [1 0 0 0 0 0])
  ("print_list" .
   [0 0 0 0 0 0 0 1 0 0])
  ("iter" .
   [2 0 0 0])
  ("deck_node_t" .
   [2 0 0 0 0 0 0 1 0 1 0])
  ("deck" .
   [6 0 0 0])
  ("card" .
   [2 0 0 0])
  ("node" .
   [15 0 0 0])
  ("kind" .
   [1 0 0 0])
  ("k" .
   [1])
  ("get_index" .
   [2 0 0 0 0 0 0 0 0])
  ("var" .
   [1 0 0])
  ("-d" .
   [1 0])
  ("awk" .
   [1 0 0])
  ("apache" .
   [0 0 0 1 0 0])
  ("setq" .
   [1 0 0 0])
  ("handler" .
   [1 0 0 0 0 0 0])
  ("handler_quit" .
   [1 0 0 0 0 0 0 0 0 0 0 0])
  ("tmp" .
   [2 0 0])
  ("sudo" .
   [3 0 0 0])
  ("pgrep" .
   [1 0 0 0 0])
  ("Infinite" .
   [0 0 0 0 1 0 0 0])
  ("__objects" .
   [1 0 0 0 0 0 0 0 0])
  ("to_dict" .
   [1 0 0 1 0 0 0])
  ("storage" .
   [5 0 0 0 0 0 0])
  ("file_storage" .
   [1 0 0 0 0 0 0 0 0 0 0 0])
  ("FileStorage" .
   [0 0 0 1 1 0 0 0 0 0 0])
  ("models" .
   [3 0 0 0 0 0])
  ("brent_factorise" .
   [0 0 0 1 0 0 0 0 0 0 0 0 0 0 0])
  ("factorise" .
   [0 0 0 0 0 1 0 0 0])
  ("_last_write" .
   [1 0 0 0 0 0 0 0 0 0 0])
  ("mock_stdout" .
   [1 0 0 0 0 0 0 0 0 0 0])
  ("flush" .
   [1 0 0 0 0])
  ("my_model" .
   [1 0 0 0 0 0 0 0])
  ("test_reload_method" .
   [0 0 0 0 0 0 0 0 0 0 0 1 0 0 0 0 0 0])
  ("test_reload_method_1" .
   [1 0 0 0 0 0 0 0 0 0 0 0 0 0 0 0 0 0 0 0])
  ("key" .
   [4 0 0])
  ("new" .
   [1 0 0])
  ("_FileStorage__objects" .
   [0 0 0 1 0 0 0 0 0 0 0 0 0 0 0 0 0 0 0 0 0])
  ("reg" .
   [4 0 0])
  ("join" .
   [4 0 0 0])
  ("test_save" .
   [1 0 0 0 0 0 0 0 0])
  ("cont" .
   [1 0 0 0])
  ("flex" .
   [0 0 2 1])
  ("justify" .
   [0 0 0 2 0 0 0])
  ("justify-content" .
   [0 0 0 1 0 0 0 0 0 1 1 0 0 0 0])
  ("center" .
   [1 0 2 2 0 0])
  ("Background" .
   [0 0 0 0 2 0 0 0 0 0])
  ("background-color" .
   [0 0 0 0 0 1 0 0 0 0 0 0 0 0 0 0])
  ("FFFFFF" .
   [1 0 0 0 0 0])
  ("border-radius" .
   [0 0 0 0 0 0 0 0 0 2 0 0 0])
  ("none" .
   [1 0 0 0])
  ("right" .
   [11 0 2 0 0])
  ("text-align" .
   [0 0 0 0 0 0 1 2 1 0])
  ("display" .
   [0 0 0 5 1 1 0])
  ("inline" .
   [0 0 0 1 0 1])
  ("inline-block" .
   [0 0 0 0 1 0 0 1 0 1 0 0])
  ("auto" .
   [2 2 1 0])
  ("no-repeat" .
   [0 0 0 1 0 0 0 0 0])
  ("background-image" .
   [0 0 0 0 0 0 0 0 0 0 0 0 0 1 0 0])
  ("absolute" .
   [1 0 0 0 0 0 0 0])
  ("locations" .
   [1 0 0 0 0 0 0 0 0])
  ("h2" .
   [2 0])
  ("amenities" .
   [1 0 0 0 0 0 0 0 0])
  ("flex-wrap" .
   [0 0 0 0 0 0 1 0 0])
  ("align-content" .
   [0 0 0 0 1 0 0 0 0 0 0 0 0])
  ("left" .
   [18 0 1 0])
  ("binary_tree_size" .
   [0 0 0 1 1 0 0 0 0 0 0 0 0 0 0 0])
  ("tree" .
   [13 0 0 0])
  ("avl_t" .
   [1 0 0 0 1])
  ("sorted_size" .
   [0 0 0 0 0 0 0 0 1 0 0])
  ("sorted" .
   [1 0 0 0 0 0])
  ("curr" .
   [5 0 0 0])
  ("cur" .
   [1 0 0])))
